4.995,2.881,0.015
4.995,2.856,0.015
4.995,2.856,0.015
4.995,2.871,0.015
4.995,2.856,0.015
4.995,2.852,0.015
4.995,2.852,0.015
4.995,2.852,0.015
4.995,2.852,0.015
4.995,2.852,0.015
4.995,2.852,0.015
4.995,2.856,0.015
4.995,2.852,0.015
4.995,2.866,0.015
4.995,2.852,0.015
4.995,2.856,0.015
4.995,2.861,0.015
0.156,2.617,0.002
0.127,2.607,0.001
0.947,2.866,0.015
0.918,2.866,0.015
0.830,2.871,0.015
0.898,2.876,0.015
0.913,2.871,0.015
0.840,2.866,0.015
0.850,2.866,0.015
0.845,2.866,0.015
0.796,2.871,0.015
0.864,2.866,0.015
0.859,2.866,0.015
0.757,2.871,0.015
0.464,2.871,0.015
0.469,2.866,0.015
0.479,2.866,0.015
0.347,2.803,0.011
0.210,2.710,0.006
0.146,2.676,0.004
0.112,2.651,0.003
0.083,2.632,0.002
0.063,2.617,0.002
0.049,2.603,0.001
0.044,2.588,0.001
0.034,2.573,0.001
0.024,2.563,0.001
0.020,2.563,0.001
0.015,2.554,0.000
0.015,2.549,0.000
0.015,2.539,0.000
0.000,2.539,0.000
0.010,2.524,0.000
0.000,2.520,0.000
0.000,2.515,0.000
0.000,2.490,0.000
0.000,2.466,0.000
0.000,2.383,0.000
0.000,2.065,-0.000
0.000,2.065,0.000
0.000,2.456,0.000
0.000,2.456,0.000
0.000,2.485,0.000
0.000,2.524,0.000
0.005,2.534,0.000
0.005,2.544,0.000
0.015,2.549,0.000
0.020,2.563,0.001
0.020,2.563,0.001
0.020,2.573,0.001
0.020,2.578,0.001
0.024,2.578,0.001
0.039,2.588,0.001
0.039,2.603,0.001
0.063,2.622,0.002
0.068,2.627,0.002
0.078,2.637,0.003
0.146,2.695,0.005
0.410,2.881,0.015
0.415,2.876,0.015
0.430,2.876,0.015
0.430,2.876,0.015
0.415,2.876,0.015
0.420,2.871,0.015
0.415,2.871,0.015
0.420,2.871,0.015
